0.000000 0.000000
0.004000 0.012566
0.008000 0.025133
0.012000 0.037699
0.016000 0.050265
0.020000 0.062832
0.024000 0.075398
0.028000 0.087965
0.032000 0.100531
0.036000 0.113097
0.040000 0.125664
0.044000 0.138230
0.048000 0.150796
0.052000 0.163363
0.056000 0.175929
0.060000 0.188496
0.064000 0.201062
0.068000 0.213628
0.072000 0.226195
0.076000 0.238761
0.080000 0.251327
0.084000 0.263894
0.088000 0.276460
0.092000 0.289027
0.096000 0.301593
0.100000 0.314159
0.104000 0.326726
0.108000 0.339292
0.112000 0.351858
0.116000 0.364425
0.120000 0.376991
0.124000 0.389557
0.128000 0.402124
0.132000 0.414690
0.136000 0.427257
0.140000 0.439823
0.144000 0.452389
0.148000 0.464956
0.152000 0.477522
0.156000 0.490088
0.160000 0.502655
0.164000 0.515221
0.168000 0.527788
0.172000 0.540354
0.176000 0.552920
0.180000 0.565487
0.184000 0.578053
0.188000 0.590619
0.192000 0.603186
0.196000 0.615752
0.200000 0.628319
0.204000 0.640885
0.208000 0.653451
0.212000 0.666018
0.216000 0.678584
0.220000 0.691150
0.224000 0.703717
0.228000 0.716283
0.232000 0.728849
0.236000 0.741416
0.240000 0.753982
0.244000 0.766549
0.248000 0.779115
0.252000 0.791681
0.256000 0.804248
0.260000 0.816814
0.264000 0.829380
0.268000 0.841947
0.272000 0.854513
0.276000 0.867080
0.280000 0.879646
0.284000 0.892212
0.288000 0.904779
0.292000 0.917345
0.296000 0.929911
0.300000 0.942478
0.304000 0.955044
0.308000 0.967611
0.312000 0.980177
0.316000 0.992743
0.320000 1.005310
0.324000 1.017876
0.328000 1.030442
0.332000 1.043009
0.336000 1.055575
0.340000 1.068142
0.344000 1.080708
0.348000 1.093274
0.352000 1.105841
0.356000 1.118407
0.360000 1.130973
0.364000 1.143540
0.368000 1.156106
0.372000 1.168672
0.376000 1.181239
0.380000 1.193805
0.384000 1.206372
0.388000 1.218938
0.392000 1.231504
0.396000 1.244071
0.400000 1.256637
0.404000 1.269203
0.408000 1.281770
0.412000 1.294336
0.416000 1.306903
0.420000 1.319469
0.424000 1.332035
0.428000 1.344602
0.432000 1.357168
0.436000 1.369734
0.440000 1.382301
0.444000 1.394867
0.448000 1.407434
0.452000 1.420000
0.456000 1.432566
0.460000 1.445133
0.464000 1.457699
0.468000 1.470265
0.472000 1.482832
0.476000 1.495398
0.480000 1.507964
0.484000 1.520531
0.488000 1.533097
0.492000 1.545664
0.496000 1.558230
0.500000 1.570796
0.504000 1.583363
0.508000 1.595929
0.512000 1.608495
0.516000 1.621062
0.520000 1.633628
0.524000 1.646195
0.528000 1.658761
0.532000 1.671327
0.536000 1.683894
0.540000 1.696460
0.544000 1.709026
0.548000 1.721593
0.552000 1.734159
0.556000 1.746726
0.560000 1.759292
0.564000 1.771858
0.568000 1.784425
0.572000 1.796991
0.576000 1.809557
0.580000 1.822124
0.584000 1.834690
0.588000 1.847256
0.592000 1.859823
0.596000 1.872389
0.600000 1.884956
0.604000 1.897522
0.608000 1.910088
0.612000 1.922655
0.616000 1.935221
0.620000 1.947787
0.624000 1.960354
0.628000 1.972920
0.632000 1.985487
0.636000 1.998053
0.640000 2.010619
0.644000 2.023186
0.648000 2.035752
0.652000 2.048318
0.656000 2.060885
0.660000 2.073451
0.664000 2.086018
0.668000 2.098584
0.672000 2.111150
0.676000 2.123717
0.680000 2.136283
0.684000 2.148849
0.688000 2.161416
0.692000 2.173982
0.696000 2.186548
0.700000 2.199115
0.704000 2.211681
0.708000 2.224248
0.712000 2.236814
0.716000 2.249380
0.720000 2.261947
0.724000 2.274513
0.728000 2.287079
0.732000 2.299646
0.736000 2.312212
0.740000 2.324779
0.744000 2.337345
0.748000 2.349911
0.752000 2.362478
0.756000 2.375044
0.760000 2.387610
0.764000 2.400177
0.768000 2.412743
0.772000 2.425310
0.776000 2.437876
0.780000 2.450442
0.784000 2.463009
0.788000 2.475575
0.792000 2.488141
0.796000 2.500708
0.800000 2.513274
0.804000 2.525840
0.808000 2.538407
0.812000 2.550973
0.816000 2.563540
0.820000 2.576106
0.824000 2.588672
0.828000 2.601239
0.832000 2.613805
0.836000 2.626371
0.840000 2.638938
0.844000 2.651504
0.848000 2.664071
0.852000 2.676637
0.856000 2.689203
0.860000 2.701770
0.864000 2.714336
0.868000 2.726902
0.872000 2.739469
0.876000 2.752035
0.880000 2.764602
0.884000 2.777168
0.888000 2.789734
0.892000 2.802301
0.896000 2.814867
0.900000 2.827433
0.904000 2.840000
0.908000 2.852566
0.912000 2.865132
0.916000 2.877699
0.920000 2.890265
0.924000 2.902832
0.928000 2.915398
0.932000 2.927964
0.936000 2.940531
0.940000 2.953097
0.944000 2.965663
0.948000 2.978230
0.952000 2.990796
0.956000 3.003363
0.960000 3.015929
0.964000 3.028495
0.968000 3.041062
0.972000 3.053628
0.976000 3.066194
0.980000 3.078761
0.984000 3.091327
0.988000 3.103894
0.992000 3.116460
0.996000 3.129026
1.000000 3.141593
