0.000000 3.141593
0.004000 3.141593
0.008000 3.141593
0.012000 3.141593
0.016000 3.141593
0.020000 3.141593
0.024000 3.141593
0.028000 3.141593
0.032000 3.141593
0.036000 3.141593
0.040000 3.141593
0.044000 3.141593
0.048000 3.141237
0.052000 3.140254
0.056000 3.138741
0.060000 3.136747
0.064000 3.134325
0.068000 3.131539
0.072000 3.128419
0.076000 3.124981
0.080000 3.121238
0.084000 3.117199
0.088000 3.112870
0.092000 3.108280
0.096000 3.103479
0.100000 3.098506
0.104000 3.093374
0.108000 3.088074
0.112000 3.082593
0.116000 3.076925
0.120000 3.071063
0.124000 3.064999
0.128000 3.058741
0.132000 3.052317
0.136000 3.045743
0.140000 3.039053
0.144000 3.032250
0.148000 3.025340
0.152000 3.018325
0.156000 3.011213
0.160000 3.003998
0.164000 2.996661
0.168000 2.989194
0.172000 2.981585
0.176000 2.973826
0.180000 2.965934
0.184000 2.957914
0.188000 2.949780
0.192000 2.941547
0.196000 2.933227
0.200000 2.924829
0.204000 2.916359
0.208000 2.907817
0.212000 2.899197
0.216000 2.890487
0.220000 2.881676
0.224000 2.872757
0.228000 2.863729
0.232000 2.854595
0.236000 2.845359
0.240000 2.836025
0.244000 2.826591
0.248000 2.817066
0.252000 2.807448
0.256000 2.797748
0.260000 2.787965
0.264000 2.778106
0.268000 2.768166
0.272000 2.758150
0.276000 2.748053
0.280000 2.737878
0.284000 2.727616
0.288000 2.717275
0.292000 2.706850
0.296000 2.696344
0.300000 2.685753
0.304000 2.675072
0.308000 2.664301
0.312000 2.653440
0.316000 2.642490
0.320000 2.631454
0.324000 2.620335
0.328000 2.609136
0.332000 2.597860
0.336000 2.586506
0.340000 2.575076
0.344000 2.563570
0.348000 2.551986
0.352000 2.540322
0.356000 2.528578
0.360000 2.516750
0.364000 2.504836
0.368000 2.492835
0.372000 2.480746
0.376000 2.468566
0.380000 2.456298
0.384000 2.443940
0.388000 2.431494
0.392000 2.418962
0.396000 2.406344
0.400000 2.393642
0.404000 2.380858
0.408000 2.367993
0.412000 2.355047
0.416000 2.342023
0.420000 2.328918
0.424000 2.315733
0.428000 2.302467
0.432000 2.289119
0.436000 2.275687
0.440000 2.262171
0.444000 2.248570
0.448000 2.234884
0.452000 2.221113
0.456000 2.207255
0.460000 2.193315
0.464000 2.179285
0.468000 2.165177
0.472000 2.150973
0.476000 2.136698
0.480000 2.122324
0.484000 2.107875
0.488000 2.093337
0.492000 2.078721
0.496000 2.064021
0.500000 2.049231
0.504000 2.034377
0.508000 2.019436
0.512000 2.004418
0.516000 1.989300
0.520000 1.974156
0.524000 1.958895
0.528000 1.943541
0.532000 1.928168
0.536000 1.912690
0.540000 1.897132
0.544000 1.881506
0.548000 1.865807
0.552000 1.850060
0.556000 1.834195
0.560000 1.818290
0.564000 1.802326
0.568000 1.786260
0.572000 1.770144
0.576000 1.753949
0.580000 1.737688
0.584000 1.721393
0.588000 1.704979
0.592000 1.688542
0.596000 1.672046
0.600000 1.655464
0.604000 1.638839
0.608000 1.622157
0.612000 1.605432
0.616000 1.588620
0.620000 1.571781
0.624000 1.554894
0.628000 1.537945
0.632000 1.520926
0.636000 1.503894
0.640000 1.486810
0.644000 1.469664
0.648000 1.452478
0.652000 1.435272
0.656000 1.417997
0.660000 1.400731
0.664000 1.383369
0.668000 1.366011
0.672000 1.348633
0.676000 1.331197
0.680000 1.313732
0.684000 1.296244
0.688000 1.278761
0.692000 1.261231
0.696000 1.243679
0.700000 1.226115
0.704000 1.208533
0.708000 1.190938
0.712000 1.173318
0.716000 1.155702
0.720000 1.138085
0.724000 1.120456
0.728000 1.102899
0.732000 1.085506
0.736000 1.068241
0.740000 1.051090
0.744000 1.034047
0.748000 1.017109
0.752000 1.000248
0.756000 0.983400
0.760000 0.966561
0.764000 0.949731
0.768000 0.932901
0.772000 0.916093
0.776000 0.899287
0.780000 0.882499
0.784000 0.865707
0.788000 0.848952
0.792000 0.832192
0.796000 0.815459
0.800000 0.798733
0.804000 0.782006
0.808000 0.765343
0.812000 0.748662
0.816000 0.731996
0.820000 0.715367
0.824000 0.698755
0.828000 0.682150
0.832000 0.665614
0.836000 0.649087
0.840000 0.632569
0.844000 0.616096
0.848000 0.599633
0.852000 0.583216
0.856000 0.566828
0.860000 0.550447
0.864000 0.534101
0.868000 0.517797
0.872000 0.501528
0.876000 0.485254
0.880000 0.469038
0.884000 0.452871
0.888000 0.436677
0.892000 0.420564
0.896000 0.404479
0.900000 0.388388
0.904000 0.372385
0.908000 0.356371
0.912000 0.340432
0.916000 0.324513
0.920000 0.308623
0.924000 0.292770
0.928000 0.276968
0.932000 0.261121
0.936000 0.245439
0.940000 0.229712
0.944000 0.213991
0.948000 0.198345
0.952000 0.182752
0.956000 0.167157
0.960000 0.151599
0.964000 0.136075
0.968000 0.120580
0.972000 0.105115
0.976000 0.089714
0.980000 0.074269
0.984000 0.058938
0.988000 0.043619
0.992000 0.028252
0.996000 0.012999
1.000000 0.000000
